% latex table generated in R 4.1.3 by xtable 1.8-4 package
% Thu Jun 30 13:36:26 2022
\begin{table}[ht]
\centering
\begin{tabular}{rrrrrrrrrrr}
  \hline
 & M08\_start & M10\_start & M14\_start & M17\_start & log\_inzidenz\_start & log\_inzidenz\_start\_W & M08\_start\_W & M10\_start\_W & M14\_start\_W & M17\_start\_W \\ 
  \hline
M08\_start & 1.00 & 0.88 & 0.23 & 0.14 & 0.59 & 0.70 & 0.95 & 0.88 & 0.31 & 0.19 \\ 
  M10\_start & 0.88 & 1.00 & 0.23 & 0.16 & 0.52 & 0.61 & 0.86 & 0.94 & 0.31 & 0.21 \\ 
  M14\_start & 0.23 & 0.23 & 1.00 & -0.14 & 0.22 & 0.26 & 0.24 & 0.25 & 0.82 & -0.09 \\ 
  M17\_start & 0.14 & 0.16 & -0.14 & 1.00 & -0.01 & 0.01 & 0.15 & 0.18 & -0.09 & 0.86 \\ 
  log\_inzidenz\_start & 0.59 & 0.52 & 0.22 & -0.01 & 1.00 & 0.84 & 0.62 & 0.56 & 0.31 & -0.00 \\ 
  log\_inzidenz\_start\_W & 0.70 & 0.61 & 0.26 & 0.01 & 0.84 & 1.00 & 0.74 & 0.66 & 0.35 & 0.01 \\ 
  M08\_start\_W & 0.95 & 0.86 & 0.24 & 0.15 & 0.62 & 0.74 & 1.00 & 0.92 & 0.33 & 0.20 \\ 
  M10\_start\_W & 0.88 & 0.94 & 0.25 & 0.18 & 0.56 & 0.66 & 0.92 & 1.00 & 0.33 & 0.23 \\ 
  M14\_start\_W & 0.31 & 0.31 & 0.82 & -0.09 & 0.31 & 0.35 & 0.33 & 0.33 & 1.00 & -0.12 \\ 
  M17\_start\_W & 0.19 & 0.21 & -0.09 & 0.86 & -0.00 & 0.01 & 0.20 & 0.23 & -0.12 & 1.00 \\ 
   \hline
\end{tabular}
\end{table}
